%YAML:1.0
---
K1: !!opencv-matrix
   rows: 3
   cols: 3
   dt: d
   data: [ 2.3877057700850656e+02, 0., 3.1846939219741773e+02, 0.,
       2.3903223316525276e+02, 2.4685137381795201e+02, 0., 0., 1. ]
K2: !!opencv-matrix
   rows: 3
   cols: 3
   dt: d
   data: [ 2.3952183485043457e+02, 0., 3.1286224145189811e+02, 0.,
       2.3981379751051574e+02, 2.5158397962108106e+02, 0., 0., 1. ]
D1: !!opencv-matrix
   rows: 4
   cols: 1
   dt: d
   data: [ -3.7539305827469560e-02, -8.7553205432575471e-03,
       2.2015408171895236e-03, -6.6218076061138698e-04 ]
D2: !!opencv-matrix
   rows: 4
   cols: 1
   dt: d
   data: [ -3.6790400486095221e-02, -8.2041573433038941e-03,
       1.0552974220937024e-03, -2.5841665172692902e-04 ]
R: !!opencv-matrix
   rows: 3
   cols: 3
   dt: d
   data: [ 9.9999267757707777e-01, -5.9888746804658943e-04,
       3.7796991979738852e-03, 6.1003792209015034e-04,
       9.9999546376609738e-01, -2.9496272580301179e-03,
       -3.7779155575739932e-03, 2.9519114194567365e-03,
       9.9998850672045803e-01 ]
T: !!opencv-matrix
   rows: 3
   cols: 1
   dt: d
   data: [ -5.9457914254177978e-02, -6.8318101539255457e-05,
       -1.8101725187729225e-04 ]
R1: !!opencv-matrix
   rows: 3
   cols: 3
   dt: d
   data: [ 9.9997658245714527e-01, 5.5910744958795095e-04,
       6.8206990981942916e-03, -5.4903304536865717e-04,
       9.9999875583076248e-01, -1.4788169738349651e-03,
       -6.8215174296769373e-03, 1.4750375543776898e-03,
       9.9997564528550886e-01 ]
R2: !!opencv-matrix
   rows: 3
   cols: 3
   dt: d
   data: [ 9.9999470555416226e-01, 1.1490100298631428e-03,
       3.0444440536135159e-03, -1.1535052313709361e-03,
       9.9999824663038117e-01, 1.4751819698614872e-03,
       -3.0427437166985561e-03, -1.4786859417328980e-03,
       9.9999427758290704e-01 ]
P1: !!opencv-matrix
   rows: 3
   cols: 4
   dt: d
   data: [ 1.2147550483213526e+02, 0., -1.3989139584901773e+02, 0., 0.,
       1.2147550483213526e+02, 2.7504092829903675e+02, 0., 0., 0., 1.,
       0. ]
P2: !!opencv-matrix
   rows: 3
   cols: 4
   dt: d
   data: [ 1.2147550483213526e+02, 0., -1.3989139584901773e+02,
       -7.2227183905833998e+00, 0., 1.2147550483213526e+02,
       2.7504092829903675e+02, 0., 0., 0., 1., 0. ]
Q: !!opencv-matrix
   rows: 4
   cols: 4
   dt: d
   data: [ 1., 0., 0., 1.3989139584901773e+02, 0., 1., 0.,
       -2.7504092829903675e+02, 0., 0., 0., 1.2147550483213526e+02, 0.,
       0., 1.6818529847502933e+01, 0. ]
